stat,value,pct,cum_pct
simSeconds,0.000347,,
simTicks,347353000.0,,
finalTick,347353000.0,,
simFreq,1000000000000.0,,
hostSeconds,4.5,,
hostTickRate,77212222.0,,
hostMemory,8528156.0,,
simInsts,177945.0,,
simOps,177945.0,,
hostInstRate,39554.0,,
hostOpRate,39554.0,,
system.chaos.numFaultsInjected,30.0,,
system.chaos.numBitFlips,30.0,,
system.chaos.numStuckAtZero,0.0,,
system.chaos.numStuckAtOne,0.0,,
system.chaos.numPermanentFaults,0.0,,
system.clk_domain.clock,1000.0,,
system.clk_domain.voltage_domain.voltage,1.0,,
system.cpu.numCycles,347354.0,,
system.cpu.cpi,1.95203,,
system.cpu.ipc,0.512287,,
system.cpu.numWorkItemsStarted,0.0,,
system.cpu.numWorkItemsCompleted,0.0,,
system.cpu.instsAdded,184762.0,,
system.cpu.nonSpecInstsAdded,41.0,,
system.cpu.instsIssued,199797.0,,
system.cpu.squashedInstsIssued,198.0,,
system.cpu.squashedInstsExamined,6857.0,,
system.cpu.squashedOperandsExamined,3597.0,,
system.cpu.squashedNonSpecRemoved,15.0,,
system.cpu.numIssuedDist::samples,344369.0,,
system.cpu.numIssuedDist::mean,0.580183,,
system.cpu.numIssuedDist::stdev,1.510453,,
system.cpu.numIssuedDist::underflows,0.0,0.0,0.0
system.cpu.numIssuedDist::0,284615.0,82.65,82.65
system.cpu.numIssuedDist::1,11752.0,3.41,86.06
system.cpu.numIssuedDist::2,12635.0,3.67,89.73
system.cpu.numIssuedDist::3,13317.0,3.87,93.6
system.cpu.numIssuedDist::4,5609.0,1.63,95.23
system.cpu.numIssuedDist::5,5353.0,1.55,96.78
system.cpu.numIssuedDist::6,6226.0,1.81,98.59
system.cpu.numIssuedDist::7,2629.0,0.76,99.35
system.cpu.numIssuedDist::8,2233.0,0.65,100.0
system.cpu.numIssuedDist::overflows,0.0,0.0,100.0
system.cpu.numIssuedDist::min_value,0.0,,
system.cpu.numIssuedDist::max_value,8.0,,
system.cpu.numIssuedDist::total,344369.0,,
system.cpu.statFuBusy::No_OpClass,0.0,0.0,0.0
system.cpu.statFuBusy::IntAlu,629.0,18.64,18.64
system.cpu.statFuBusy::IntMult,0.0,0.0,18.64
system.cpu.statFuBusy::IntDiv,0.0,0.0,18.64
system.cpu.statFuBusy::ByteMult,0.0,0.0,18.64
system.cpu.statFuBusy::ByteDiv,0.0,0.0,18.64
system.cpu.statFuBusy::FloatAdd,0.0,0.0,18.64
system.cpu.statFuBusy::FloatCmp,0.0,0.0,18.64
system.cpu.statFuBusy::FloatCvt,0.0,0.0,18.64
system.cpu.statFuBusy::FloatMult,0.0,0.0,18.64
system.cpu.statFuBusy::FloatMultAcc,0.0,0.0,18.64
system.cpu.statFuBusy::FloatDiv,0.0,0.0,18.64
system.cpu.statFuBusy::FloatMisc,0.0,0.0,18.64
system.cpu.statFuBusy::FloatSqrt,0.0,0.0,18.64
system.cpu.statFuBusy::SimdAdd,0.0,0.0,18.64
system.cpu.statFuBusy::SimdAddAcc,0.0,0.0,18.64
system.cpu.statFuBusy::SimdAlu,0.0,0.0,18.64
system.cpu.statFuBusy::SimdCmp,0.0,0.0,18.64
system.cpu.statFuBusy::SimdCvt,0.0,0.0,18.64
system.cpu.statFuBusy::SimdMisc,0.0,0.0,18.64
system.cpu.statFuBusy::SimdMult,0.0,0.0,18.64
system.cpu.statFuBusy::SimdMultAcc,0.0,0.0,18.64
system.cpu.statFuBusy::SimdMatMultAcc,0.0,0.0,18.64
system.cpu.statFuBusy::SimdShift,0.0,0.0,18.64
system.cpu.statFuBusy::SimdShiftAcc,0.0,0.0,18.64
system.cpu.statFuBusy::SimdDiv,0.0,0.0,18.64
system.cpu.statFuBusy::SimdSqrt,0.0,0.0,18.64
system.cpu.statFuBusy::SimdFloatAdd,0.0,0.0,18.64
system.cpu.statFuBusy::SimdFloatAlu,0.0,0.0,18.64
system.cpu.statFuBusy::SimdFloatCmp,0.0,0.0,18.64
system.cpu.statFuBusy::SimdFloatCvt,0.0,0.0,18.64
system.cpu.statFuBusy::SimdFloatDiv,0.0,0.0,18.64
system.cpu.statFuBusy::SimdFloatMisc,0.0,0.0,18.64
system.cpu.statFuBusy::SimdFloatMult,0.0,0.0,18.64
system.cpu.statFuBusy::SimdFloatMultAcc,0.0,0.0,18.64
system.cpu.statFuBusy::SimdFloatMatMultAcc,0.0,0.0,18.64
system.cpu.statFuBusy::SimdFloatSqrt,0.0,0.0,18.64
system.cpu.statFuBusy::SimdReduceAdd,0.0,0.0,18.64
system.cpu.statFuBusy::SimdReduceAlu,0.0,0.0,18.64
system.cpu.statFuBusy::SimdReduceCmp,0.0,0.0,18.64
system.cpu.statFuBusy::SimdFloatReduceAdd,0.0,0.0,18.64
system.cpu.statFuBusy::SimdFloatReduceCmp,0.0,0.0,18.64
system.cpu.statFuBusy::SimdAes,0.0,0.0,18.64
system.cpu.statFuBusy::SimdAesMix,0.0,0.0,18.64
system.cpu.statFuBusy::SimdSha1Hash,0.0,0.0,18.64
system.cpu.statFuBusy::SimdSha1Hash2,0.0,0.0,18.64
system.cpu.statFuBusy::SimdSha256Hash,0.0,0.0,18.64
system.cpu.statFuBusy::SimdSha256Hash2,0.0,0.0,18.64
system.cpu.statFuBusy::SimdShaSigma2,0.0,0.0,18.64
system.cpu.statFuBusy::SimdShaSigma3,0.0,0.0,18.64
system.cpu.statFuBusy::SimdPredAlu,0.0,0.0,18.64
system.cpu.statFuBusy::Matrix,0.0,0.0,18.64
system.cpu.statFuBusy::MatrixMov,0.0,0.0,18.64
system.cpu.statFuBusy::MatrixOP,0.0,0.0,18.64
system.cpu.statFuBusy::MemRead,2688.0,79.64,98.28
system.cpu.statFuBusy::MemWrite,58.0,1.72,100.0
system.cpu.statFuBusy::FloatMemRead,0.0,0.0,100.0
system.cpu.statFuBusy::FloatMemWrite,0.0,0.0,100.0
system.cpu.statFuBusy::IprAccess,0.0,0.0,100.0
system.cpu.statFuBusy::InstPrefetch,0.0,0.0,100.0
system.cpu.statFuBusy::VectorUnitStrideLoad,0.0,0.0,100.0
system.cpu.statFuBusy::VectorUnitStrideStore,0.0,0.0,100.0
system.cpu.statFuBusy::VectorUnitStrideMaskLoad,0.0,0.0,100.0
system.cpu.statFuBusy::VectorUnitStrideMaskStore,0.0,0.0,100.0
system.cpu.statFuBusy::VectorStridedLoad,0.0,0.0,100.0
system.cpu.statFuBusy::VectorStridedStore,0.0,0.0,100.0
system.cpu.statFuBusy::VectorIndexedLoad,0.0,0.0,100.0
system.cpu.statFuBusy::VectorIndexedStore,0.0,0.0,100.0
system.cpu.statFuBusy::VectorUnitStrideFaultOnlyFirstLoad,0.0,0.0,100.0
system.cpu.statFuBusy::VectorWholeRegisterLoad,0.0,0.0,100.0
system.cpu.statFuBusy::VectorWholeRegisterStore,0.0,0.0,100.0
system.cpu.statFuBusy::VectorIntegerArith,0.0,0.0,100.0
system.cpu.statFuBusy::VectorFloatArith,0.0,0.0,100.0
system.cpu.statFuBusy::VectorFloatConvert,0.0,0.0,100.0
system.cpu.statFuBusy::VectorIntegerReduce,0.0,0.0,100.0
system.cpu.statFuBusy::VectorFloatReduce,0.0,0.0,100.0
system.cpu.statFuBusy::VectorMisc,0.0,0.0,100.0
system.cpu.statFuBusy::VectorIntegerExtension,0.0,0.0,100.0
system.cpu.statFuBusy::VectorConfig,0.0,0.0,100.0
system.cpu.statIssuedInstType_0::No_OpClass,26.0,0.01,0.01
system.cpu.statIssuedInstType_0::IntAlu,125400.0,62.76,62.78
system.cpu.statIssuedInstType_0::IntMult,1.0,0.0,62.78
system.cpu.statIssuedInstType_0::IntDiv,0.0,0.0,62.78
system.cpu.statIssuedInstType_0::ByteMult,0.0,0.0,62.78
system.cpu.statIssuedInstType_0::ByteDiv,0.0,0.0,62.78
system.cpu.statIssuedInstType_0::FloatAdd,0.0,0.0,62.78
system.cpu.statIssuedInstType_0::FloatCmp,0.0,0.0,62.78
system.cpu.statIssuedInstType_0::FloatCvt,0.0,0.0,62.78
system.cpu.statIssuedInstType_0::FloatMult,0.0,0.0,62.78
system.cpu.statIssuedInstType_0::FloatMultAcc,0.0,0.0,62.78
system.cpu.statIssuedInstType_0::FloatDiv,0.0,0.0,62.78
system.cpu.statIssuedInstType_0::FloatMisc,0.0,0.0,62.78
system.cpu.statIssuedInstType_0::FloatSqrt,0.0,0.0,62.78
system.cpu.statIssuedInstType_0::SimdAdd,0.0,0.0,62.78
system.cpu.statIssuedInstType_0::SimdAddAcc,0.0,0.0,62.78
system.cpu.statIssuedInstType_0::SimdAlu,0.0,0.0,62.78
system.cpu.statIssuedInstType_0::SimdCmp,0.0,0.0,62.78
system.cpu.statIssuedInstType_0::SimdCvt,0.0,0.0,62.78
system.cpu.statIssuedInstType_0::SimdMisc,0.0,0.0,62.78
system.cpu.statIssuedInstType_0::SimdMult,0.0,0.0,62.78
system.cpu.statIssuedInstType_0::SimdMultAcc,0.0,0.0,62.78
system.cpu.statIssuedInstType_0::SimdMatMultAcc,0.0,0.0,62.78
system.cpu.statIssuedInstType_0::SimdShift,0.0,0.0,62.78
system.cpu.statIssuedInstType_0::SimdShiftAcc,0.0,0.0,62.78
system.cpu.statIssuedInstType_0::SimdDiv,0.0,0.0,62.78
system.cpu.statIssuedInstType_0::SimdSqrt,0.0,0.0,62.78
system.cpu.statIssuedInstType_0::SimdFloatAdd,0.0,0.0,62.78
system.cpu.statIssuedInstType_0::SimdFloatAlu,0.0,0.0,62.78
system.cpu.statIssuedInstType_0::SimdFloatCmp,0.0,0.0,62.78
system.cpu.statIssuedInstType_0::SimdFloatCvt,0.0,0.0,62.78
system.cpu.statIssuedInstType_0::SimdFloatDiv,0.0,0.0,62.78
system.cpu.statIssuedInstType_0::SimdFloatMisc,0.0,0.0,62.78
system.cpu.statIssuedInstType_0::SimdFloatMult,0.0,0.0,62.78
system.cpu.statIssuedInstType_0::SimdFloatMultAcc,0.0,0.0,62.78
system.cpu.statIssuedInstType_0::SimdFloatMatMultAcc,0.0,0.0,62.78
system.cpu.statIssuedInstType_0::SimdFloatSqrt,0.0,0.0,62.78
system.cpu.statIssuedInstType_0::SimdReduceAdd,0.0,0.0,62.78
system.cpu.statIssuedInstType_0::SimdReduceAlu,0.0,0.0,62.78
system.cpu.statIssuedInstType_0::SimdReduceCmp,0.0,0.0,62.78
system.cpu.statIssuedInstType_0::SimdFloatReduceAdd,0.0,0.0,62.78
system.cpu.statIssuedInstType_0::SimdFloatReduceCmp,0.0,0.0,62.78
system.cpu.statIssuedInstType_0::SimdAes,0.0,0.0,62.78
system.cpu.statIssuedInstType_0::SimdAesMix,0.0,0.0,62.78
system.cpu.statIssuedInstType_0::SimdSha1Hash,0.0,0.0,62.78
system.cpu.statIssuedInstType_0::SimdSha1Hash2,0.0,0.0,62.78
system.cpu.statIssuedInstType_0::SimdSha256Hash,0.0,0.0,62.78
system.cpu.statIssuedInstType_0::SimdSha256Hash2,0.0,0.0,62.78
system.cpu.statIssuedInstType_0::SimdShaSigma2,0.0,0.0,62.78
system.cpu.statIssuedInstType_0::SimdShaSigma3,0.0,0.0,62.78
system.cpu.statIssuedInstType_0::SimdPredAlu,0.0,0.0,62.78
system.cpu.statIssuedInstType_0::Matrix,0.0,0.0,62.78
system.cpu.statIssuedInstType_0::MatrixMov,0.0,0.0,62.78
system.cpu.statIssuedInstType_0::MatrixOP,0.0,0.0,62.78
system.cpu.statIssuedInstType_0::MemRead,55618.0,27.84,90.61
system.cpu.statIssuedInstType_0::MemWrite,18752.0,9.39,100.0
system.cpu.statIssuedInstType_0::FloatMemRead,0.0,0.0,100.0
system.cpu.statIssuedInstType_0::FloatMemWrite,0.0,0.0,100.0
system.cpu.statIssuedInstType_0::IprAccess,0.0,0.0,100.0
system.cpu.statIssuedInstType_0::InstPrefetch,0.0,0.0,100.0
system.cpu.statIssuedInstType_0::VectorUnitStrideLoad,0.0,0.0,100.0
system.cpu.statIssuedInstType_0::VectorUnitStrideStore,0.0,0.0,100.0
system.cpu.statIssuedInstType_0::VectorUnitStrideMaskLoad,0.0,0.0,100.0
system.cpu.statIssuedInstType_0::VectorUnitStrideMaskStore,0.0,0.0,100.0
system.cpu.statIssuedInstType_0::VectorStridedLoad,0.0,0.0,100.0
system.cpu.statIssuedInstType_0::VectorStridedStore,0.0,0.0,100.0
system.cpu.statIssuedInstType_0::VectorIndexedLoad,0.0,0.0,100.0
system.cpu.statIssuedInstType_0::VectorIndexedStore,0.0,0.0,100.0
system.cpu.statIssuedInstType_0::VectorUnitStrideFaultOnlyFirstLoad,0.0,0.0,100.0
system.cpu.statIssuedInstType_0::VectorWholeRegisterLoad,0.0,0.0,100.0
system.cpu.statIssuedInstType_0::VectorWholeRegisterStore,0.0,0.0,100.0
system.cpu.statIssuedInstType_0::VectorIntegerArith,0.0,0.0,100.0
system.cpu.statIssuedInstType_0::VectorFloatArith,0.0,0.0,100.0
system.cpu.statIssuedInstType_0::VectorFloatConvert,0.0,0.0,100.0
system.cpu.statIssuedInstType_0::VectorIntegerReduce,0.0,0.0,100.0
system.cpu.statIssuedInstType_0::VectorFloatReduce,0.0,0.0,100.0
system.cpu.statIssuedInstType_0::VectorMisc,0.0,0.0,100.0
system.cpu.statIssuedInstType_0::VectorIntegerExtension,0.0,0.0,100.0
system.cpu.statIssuedInstType_0::VectorConfig,0.0,0.0,100.0
system.cpu.statIssuedInstType_0::total,199797.0,,
system.cpu.issueRate,0.575197,,
system.cpu.fuBusy,3375.0,,
system.cpu.fuBusyRate,0.016892,,
system.cpu.intInstQueueReads,747536.0,,
system.cpu.intInstQueueWrites,191671.0,,
system.cpu.intInstQueueWakeupAccesses,181732.0,,
system.cpu.fpInstQueueReads,0.0,,
system.cpu.fpInstQueueWrites,0.0,,
system.cpu.fpInstQueueWakeupAccesses,0.0,,
system.cpu.vecInstQueueReads,0.0,,
system.cpu.vecInstQueueWrites,0.0,,
system.cpu.vecInstQueueWakeupAccesses,0.0,,
system.cpu.intAluAccesses,203146.0,,
system.cpu.fpAluAccesses,0.0,,
system.cpu.vecAluAccesses,0.0,,
system.cpu.numSquashedInsts,493.0,,
system.cpu.numSwp,0.0,,
system.cpu.timesIdled,104.0,,
system.cpu.idleCycles,2985.0,,
system.cpu.MemDepUnit__0.insertedLoads,38863.0,,
system.cpu.MemDepUnit__0.insertedStores,19171.0,,
system.cpu.MemDepUnit__0.conflictingLoads,3254.0,,
system.cpu.MemDepUnit__0.conflictingStores,1686.0,,
system.cpu.MemDepUnit__1.insertedLoads,0.0,,
system.cpu.MemDepUnit__1.insertedStores,0.0,,
system.cpu.MemDepUnit__1.conflictingLoads,0.0,,
system.cpu.MemDepUnit__1.conflictingStores,0.0,,
system.cpu.MemDepUnit__2.insertedLoads,0.0,,
system.cpu.MemDepUnit__2.insertedStores,0.0,,
system.cpu.MemDepUnit__2.conflictingLoads,0.0,,
system.cpu.MemDepUnit__2.conflictingStores,0.0,,
system.cpu.MemDepUnit__3.insertedLoads,0.0,,
system.cpu.MemDepUnit__3.insertedStores,0.0,,
system.cpu.MemDepUnit__3.conflictingLoads,0.0,,
system.cpu.MemDepUnit__3.conflictingStores,0.0,,
system.cpu.branchPred.lookups_0::NoBranch,0.0,0.0,0.0
system.cpu.branchPred.lookups_0::Return,6751.0,14.19,14.19
system.cpu.branchPred.lookups_0::CallDirect,6659.0,14.0,28.19
system.cpu.branchPred.lookups_0::CallIndirect,197.0,0.41,28.6
system.cpu.branchPred.lookups_0::DirectCond,29338.0,61.67,90.27
system.cpu.branchPred.lookups_0::DirectUncond,4610.0,9.69,99.96
system.cpu.branchPred.lookups_0::IndirectCond,0.0,0.0,99.96
system.cpu.branchPred.lookups_0::IndirectUncond,18.0,0.04,100.0
system.cpu.branchPred.lookups_0::total,47573.0,,
system.cpu.branchPred.squashes_0::NoBranch,0.0,0.0,0.0
system.cpu.branchPred.squashes_0::Return,503.0,15.94,15.94
system.cpu.branchPred.squashes_0::CallDirect,423.0,13.41,29.35
system.cpu.branchPred.squashes_0::CallIndirect,184.0,5.83,35.18
system.cpu.branchPred.squashes_0::DirectCond,1612.0,51.09,86.28
system.cpu.branchPred.squashes_0::DirectUncond,421.0,13.34,99.62
system.cpu.branchPred.squashes_0::IndirectCond,0.0,0.0,99.62
system.cpu.branchPred.squashes_0::IndirectUncond,12.0,0.38,100.0
system.cpu.branchPred.squashes_0::total,3155.0,,
system.cpu.branchPred.corrected_0::NoBranch,0.0,0.0,0.0
system.cpu.branchPred.corrected_0::Return,5.0,1.52,1.52
system.cpu.branchPred.corrected_0::CallDirect,55.0,16.72,18.24
system.cpu.branchPred.corrected_0::CallIndirect,14.0,4.26,22.49
system.cpu.branchPred.corrected_0::DirectCond,196.0,59.57,82.07
system.cpu.branchPred.corrected_0::DirectUncond,53.0,16.11,98.18
system.cpu.branchPred.corrected_0::IndirectCond,0.0,0.0,98.18
system.cpu.branchPred.corrected_0::IndirectUncond,6.0,1.82,100.0
system.cpu.branchPred.corrected_0::total,329.0,,
system.cpu.branchPred.earlyResteers_0::NoBranch,0.0,,
system.cpu.branchPred.earlyResteers_0::Return,0.0,,
system.cpu.branchPred.earlyResteers_0::CallDirect,0.0,,
system.cpu.branchPred.earlyResteers_0::CallIndirect,0.0,,
system.cpu.branchPred.earlyResteers_0::DirectCond,0.0,,
system.cpu.branchPred.earlyResteers_0::DirectUncond,0.0,,
system.cpu.branchPred.earlyResteers_0::IndirectCond,0.0,,
system.cpu.branchPred.earlyResteers_0::IndirectUncond,0.0,,
system.cpu.branchPred.earlyResteers_0::total,0.0,,
system.cpu.branchPred.committed_0::NoBranch,0.0,0.0,0.0
system.cpu.branchPred.committed_0::Return,6248.0,14.07,14.07
system.cpu.branchPred.committed_0::CallDirect,6236.0,14.05,28.12
system.cpu.branchPred.committed_0::CallIndirect,13.0,0.03,28.15
system.cpu.branchPred.committed_0::DirectCond,27725.0,62.44,90.59
system.cpu.branchPred.committed_0::DirectUncond,4172.0,9.4,99.99
system.cpu.branchPred.committed_0::IndirectCond,0.0,0.0,99.99
system.cpu.branchPred.committed_0::IndirectUncond,6.0,0.01,100.0
system.cpu.branchPred.committed_0::total,44400.0,,
system.cpu.branchPred.mispredicted_0::NoBranch,0.0,0.0,0.0
system.cpu.branchPred.mispredicted_0::Return,1.0,0.44,0.44
system.cpu.branchPred.mispredicted_0::CallDirect,25.0,10.96,11.4
system.cpu.branchPred.mispredicted_0::CallIndirect,13.0,5.7,17.11
system.cpu.branchPred.mispredicted_0::DirectCond,160.0,70.18,87.28
system.cpu.branchPred.mispredicted_0::DirectUncond,23.0,10.09,97.37
system.cpu.branchPred.mispredicted_0::IndirectCond,0.0,0.0,97.37
system.cpu.branchPred.mispredicted_0::IndirectUncond,6.0,2.63,100.0
system.cpu.branchPred.mispredicted_0::total,228.0,,
system.cpu.branchPred.targetProvider_0::NoTarget,7881.0,16.57,16.57
system.cpu.branchPred.targetProvider_0::BTB,32939.0,69.24,85.8
system.cpu.branchPred.targetProvider_0::RAS,6751.0,14.19,100.0
system.cpu.branchPred.targetProvider_0::Indirect,2.0,0.0,100.0
system.cpu.branchPred.targetProvider_0::total,47573.0,,
system.cpu.branchPred.targetWrong_0::NoBranch,265.0,80.55,80.55
system.cpu.branchPred.targetWrong_0::Return,59.0,17.93,98.48
system.cpu.branchPred.targetWrong_0::CallDirect,5.0,1.52,100.0
system.cpu.branchPred.targetWrong_0::CallIndirect,0.0,0.0,100.0
system.cpu.branchPred.targetWrong_0::DirectCond,0.0,0.0,100.0
system.cpu.branchPred.targetWrong_0::DirectUncond,0.0,0.0,100.0
system.cpu.branchPred.targetWrong_0::IndirectCond,0.0,0.0,100.0
system.cpu.branchPred.targetWrong_0::IndirectUncond,0.0,0.0,100.0
system.cpu.branchPred.targetWrong_0::total,329.0,,
system.cpu.branchPred.condPredicted,29338.0,,
system.cpu.branchPred.condPredictedTaken,21977.0,,
system.cpu.branchPred.condIncorrect,329.0,,
system.cpu.branchPred.predTakenBTBMiss,132.0,,
system.cpu.branchPred.NotTakenMispredicted,296.0,,
system.cpu.branchPred.TakenMispredicted,33.0,,
system.cpu.branchPred.BTBLookups,47573.0,,
system.cpu.branchPred.BTBUpdates,271.0,,
system.cpu.branchPred.BTBHits,35146.0,,
system.cpu.branchPred.BTBHitRatio,0.73878,,
system.cpu.branchPred.BTBMispredicted,197.0,,
system.cpu.branchPred.indirectLookups,215.0,,
system.cpu.branchPred.indirectHits,2.0,,
system.cpu.branchPred.indirectMisses,213.0,,
system.cpu.branchPred.indirectMispredicted,0.0,,
system.cpu.branchPred.btb.lookups::NoBranch,0.0,0.0,0.0
system.cpu.branchPred.btb.lookups::Return,6751.0,14.19,14.19
system.cpu.branchPred.btb.lookups::CallDirect,6659.0,14.0,28.19
system.cpu.branchPred.btb.lookups::CallIndirect,197.0,0.41,28.6
system.cpu.branchPred.btb.lookups::DirectCond,29338.0,61.67,90.27
system.cpu.branchPred.btb.lookups::DirectUncond,4610.0,9.69,99.96
system.cpu.branchPred.btb.lookups::IndirectCond,0.0,0.0,99.96
system.cpu.branchPred.btb.lookups::IndirectUncond,18.0,0.04,100.0
system.cpu.branchPred.btb.lookups::total,47573.0,,
system.cpu.branchPred.btb.misses::NoBranch,0.0,0.0,0.0
system.cpu.branchPred.btb.misses::Return,6741.0,54.24,54.24
system.cpu.branchPred.btb.misses::CallDirect,104.0,0.84,55.08
system.cpu.branchPred.btb.misses::CallIndirect,63.0,0.51,55.59
system.cpu.branchPred.btb.misses::DirectCond,5387.0,43.35,98.94
system.cpu.branchPred.btb.misses::DirectUncond,114.0,0.92,99.86
system.cpu.branchPred.btb.misses::IndirectCond,0.0,0.0,99.86
system.cpu.branchPred.btb.misses::IndirectUncond,18.0,0.14,100.0
system.cpu.branchPred.btb.misses::total,12427.0,,
system.cpu.branchPred.btb.updates::NoBranch,0.0,0.0,0.0
system.cpu.branchPred.btb.updates::Return,0.0,0.0,0.0
system.cpu.branchPred.btb.updates::CallDirect,55.0,20.3,20.3
system.cpu.branchPred.btb.updates::CallIndirect,0.0,0.0,20.3
system.cpu.branchPred.btb.updates::DirectCond,163.0,60.15,80.44
system.cpu.branchPred.btb.updates::DirectUncond,53.0,19.56,100.0
system.cpu.branchPred.btb.updates::IndirectCond,0.0,0.0,100.0
system.cpu.branchPred.btb.updates::IndirectUncond,0.0,0.0,100.0
system.cpu.branchPred.btb.updates::total,271.0,,
system.cpu.branchPred.btb.mispredict::NoBranch,0.0,0.0,0.0
system.cpu.branchPred.btb.mispredict::Return,0.0,0.0,0.0
system.cpu.branchPred.btb.mispredict::CallDirect,55.0,20.3,20.3
system.cpu.branchPred.btb.mispredict::CallIndirect,0.0,0.0,20.3
system.cpu.branchPred.btb.mispredict::DirectCond,163.0,60.15,80.44
system.cpu.branchPred.btb.mispredict::DirectUncond,53.0,19.56,100.0
system.cpu.branchPred.btb.mispredict::IndirectCond,0.0,0.0,100.0
system.cpu.branchPred.btb.mispredict::IndirectUncond,0.0,0.0,100.0
system.cpu.branchPred.btb.mispredict::total,271.0,,
system.cpu.branchPred.btb.power_state.pwrStateResidencyTicks::UNDEFINED,347353000.0,,
system.cpu.branchPred.indirectBranchPred.lookups,215.0,,
system.cpu.branchPred.indirectBranchPred.hits,2.0,,
system.cpu.branchPred.indirectBranchPred.misses,213.0,,
system.cpu.branchPred.indirectBranchPred.targetRecords,20.0,,
system.cpu.branchPred.indirectBranchPred.indirectRecords,235.0,,
system.cpu.branchPred.indirectBranchPred.speculativeOverflows,0.0,,
system.cpu.branchPred.ras.pushes,7359.0,,
system.cpu.branchPred.ras.pops,7358.0,,
system.cpu.branchPred.ras.squashes,1110.0,,
system.cpu.branchPred.ras.used,6248.0,,
system.cpu.branchPred.ras.correct,6247.0,,
system.cpu.branchPred.ras.incorrect,1.0,,
system.cpu.commit.commitSquashedInsts,5963.0,,
system.cpu.commit.commitNonSpecStalls,26.0,,
system.cpu.commit.branchMispredicts,208.0,,
system.cpu.commit.numCommittedDist::samples,343439.0,,
system.cpu.commit.numCommittedDist::mean,0.518127,,
system.cpu.commit.numCommittedDist::stdev,1.776548,,
system.cpu.commit.numCommittedDist::underflows,0.0,0.0,0.0
system.cpu.commit.numCommittedDist::0,298628.0,86.95,86.95
system.cpu.commit.numCommittedDist::1,17666.0,5.14,92.1
system.cpu.commit.numCommittedDist::2,8644.0,2.52,94.61
system.cpu.commit.numCommittedDist::3,440.0,0.13,94.74
system.cpu.commit.numCommittedDist::4,472.0,0.14,94.88
system.cpu.commit.numCommittedDist::5,76.0,0.02,94.9
system.cpu.commit.numCommittedDist::6,80.0,0.02,94.92
system.cpu.commit.numCommittedDist::7,541.0,0.16,95.08
system.cpu.commit.numCommittedDist::8,16892.0,4.92,100.0
system.cpu.commit.numCommittedDist::overflows,0.0,0.0,100.0
system.cpu.commit.numCommittedDist::min_value,0.0,,
system.cpu.commit.numCommittedDist::max_value,8.0,,
system.cpu.commit.numCommittedDist::total,343439.0,,
system.cpu.commit.amos,0.0,,
system.cpu.commit.membars,0.0,,
system.cpu.commit.functionCalls,6249.0,,
system.cpu.commit.committedInstType_0::No_OpClass,0.0,0.0,0.0
system.cpu.commit.committedInstType_0::IntAlu,122150.0,68.64,68.64
system.cpu.commit.committedInstType_0::IntMult,1.0,0.0,68.65
system.cpu.commit.committedInstType_0::IntDiv,0.0,0.0,68.65
system.cpu.commit.committedInstType_0::ByteMult,0.0,0.0,68.65
system.cpu.commit.committedInstType_0::ByteDiv,0.0,0.0,68.65
system.cpu.commit.committedInstType_0::FloatAdd,0.0,0.0,68.65
system.cpu.commit.committedInstType_0::FloatCmp,0.0,0.0,68.65
system.cpu.commit.committedInstType_0::FloatCvt,0.0,0.0,68.65
system.cpu.commit.committedInstType_0::FloatMult,0.0,0.0,68.65
system.cpu.commit.committedInstType_0::FloatMultAcc,0.0,0.0,68.65
system.cpu.commit.committedInstType_0::FloatDiv,0.0,0.0,68.65
system.cpu.commit.committedInstType_0::FloatMisc,0.0,0.0,68.65
system.cpu.commit.committedInstType_0::FloatSqrt,0.0,0.0,68.65
system.cpu.commit.committedInstType_0::SimdAdd,0.0,0.0,68.65
system.cpu.commit.committedInstType_0::SimdAddAcc,0.0,0.0,68.65
system.cpu.commit.committedInstType_0::SimdAlu,0.0,0.0,68.65
system.cpu.commit.committedInstType_0::SimdCmp,0.0,0.0,68.65
system.cpu.commit.committedInstType_0::SimdCvt,0.0,0.0,68.65
system.cpu.commit.committedInstType_0::SimdMisc,0.0,0.0,68.65
system.cpu.commit.committedInstType_0::SimdMult,0.0,0.0,68.65
system.cpu.commit.committedInstType_0::SimdMultAcc,0.0,0.0,68.65
system.cpu.commit.committedInstType_0::SimdMatMultAcc,0.0,0.0,68.65
system.cpu.commit.committedInstType_0::SimdShift,0.0,0.0,68.65
system.cpu.commit.committedInstType_0::SimdShiftAcc,0.0,0.0,68.65
system.cpu.commit.committedInstType_0::SimdDiv,0.0,0.0,68.65
system.cpu.commit.committedInstType_0::SimdSqrt,0.0,0.0,68.65
system.cpu.commit.committedInstType_0::SimdFloatAdd,0.0,0.0,68.65
system.cpu.commit.committedInstType_0::SimdFloatAlu,0.0,0.0,68.65
system.cpu.commit.committedInstType_0::SimdFloatCmp,0.0,0.0,68.65
system.cpu.commit.committedInstType_0::SimdFloatCvt,0.0,0.0,68.65
system.cpu.commit.committedInstType_0::SimdFloatDiv,0.0,0.0,68.65
system.cpu.commit.committedInstType_0::SimdFloatMisc,0.0,0.0,68.65
system.cpu.commit.committedInstType_0::SimdFloatMult,0.0,0.0,68.65
system.cpu.commit.committedInstType_0::SimdFloatMultAcc,0.0,0.0,68.65
system.cpu.commit.committedInstType_0::SimdFloatMatMultAcc,0.0,0.0,68.65
system.cpu.commit.committedInstType_0::SimdFloatSqrt,0.0,0.0,68.65
system.cpu.commit.committedInstType_0::SimdReduceAdd,0.0,0.0,68.65
system.cpu.commit.committedInstType_0::SimdReduceAlu,0.0,0.0,68.65
system.cpu.commit.committedInstType_0::SimdReduceCmp,0.0,0.0,68.65
system.cpu.commit.committedInstType_0::SimdFloatReduceAdd,0.0,0.0,68.65
system.cpu.commit.committedInstType_0::SimdFloatReduceCmp,0.0,0.0,68.65
system.cpu.commit.committedInstType_0::SimdAes,0.0,0.0,68.65
system.cpu.commit.committedInstType_0::SimdAesMix,0.0,0.0,68.65
system.cpu.commit.committedInstType_0::SimdSha1Hash,0.0,0.0,68.65
system.cpu.commit.committedInstType_0::SimdSha1Hash2,0.0,0.0,68.65
system.cpu.commit.committedInstType_0::SimdSha256Hash,0.0,0.0,68.65
system.cpu.commit.committedInstType_0::SimdSha256Hash2,0.0,0.0,68.65
system.cpu.commit.committedInstType_0::SimdShaSigma2,0.0,0.0,68.65
system.cpu.commit.committedInstType_0::SimdShaSigma3,0.0,0.0,68.65
system.cpu.commit.committedInstType_0::SimdPredAlu,0.0,0.0,68.65
system.cpu.commit.committedInstType_0::Matrix,0.0,0.0,68.65
system.cpu.commit.committedInstType_0::MatrixMov,0.0,0.0,68.65
system.cpu.commit.committedInstType_0::MatrixOP,0.0,0.0,68.65
system.cpu.commit.committedInstType_0::MemRead,37557.0,21.11,89.75
system.cpu.commit.committedInstType_0::MemWrite,18237.0,10.25,100.0
system.cpu.commit.committedInstType_0::FloatMemRead,0.0,0.0,100.0
system.cpu.commit.committedInstType_0::FloatMemWrite,0.0,0.0,100.0
system.cpu.commit.committedInstType_0::IprAccess,0.0,0.0,100.0
system.cpu.commit.committedInstType_0::InstPrefetch,0.0,0.0,100.0
system.cpu.commit.committedInstType_0::VectorUnitStrideLoad,0.0,0.0,100.0
system.cpu.commit.committedInstType_0::VectorUnitStrideStore,0.0,0.0,100.0
system.cpu.commit.committedInstType_0::VectorUnitStrideMaskLoad,0.0,0.0,100.0
system.cpu.commit.committedInstType_0::VectorUnitStrideMaskStore,0.0,0.0,100.0
system.cpu.commit.committedInstType_0::VectorStridedLoad,0.0,0.0,100.0
system.cpu.commit.committedInstType_0::VectorStridedStore,0.0,0.0,100.0
system.cpu.commit.committedInstType_0::VectorIndexedLoad,0.0,0.0,100.0
system.cpu.commit.committedInstType_0::VectorIndexedStore,0.0,0.0,100.0
system.cpu.commit.committedInstType_0::VectorUnitStrideFaultOnlyFirstLoad,0.0,0.0,100.0
system.cpu.commit.committedInstType_0::VectorWholeRegisterLoad,0.0,0.0,100.0
system.cpu.commit.committedInstType_0::VectorWholeRegisterStore,0.0,0.0,100.0
system.cpu.commit.committedInstType_0::VectorIntegerArith,0.0,0.0,100.0
system.cpu.commit.committedInstType_0::VectorFloatArith,0.0,0.0,100.0
system.cpu.commit.committedInstType_0::VectorFloatConvert,0.0,0.0,100.0
system.cpu.commit.committedInstType_0::VectorIntegerReduce,0.0,0.0,100.0
system.cpu.commit.committedInstType_0::VectorFloatReduce,0.0,0.0,100.0
system.cpu.commit.committedInstType_0::VectorMisc,0.0,0.0,100.0
system.cpu.commit.committedInstType_0::VectorIntegerExtension,0.0,0.0,100.0
system.cpu.commit.committedInstType_0::VectorConfig,0.0,0.0,100.0
system.cpu.commit.committedInstType_0::total,177945.0,,
system.cpu.commit.commitEligibleSamples,16892.0,,
system.cpu.commitStats0.numInsts,177945.0,,
system.cpu.commitStats0.numOps,177945.0,,
system.cpu.commitStats0.numInstsNotNOP,177945.0,,
system.cpu.commitStats0.numOpsNotNOP,177945.0,,
system.cpu.commitStats0.cpi,1.95203,,
system.cpu.commitStats0.ipc,0.512287,,
system.cpu.commitStats0.numMemRefs,55794.0,,
system.cpu.commitStats0.numFpInsts,0.0,,
system.cpu.commitStats0.numIntInsts,173784.0,,
system.cpu.commitStats0.numLoadInsts,37557.0,,
system.cpu.commitStats0.numStoreInsts,18237.0,,
system.cpu.commitStats0.numVecInsts,0.0,,
system.cpu.commitStats0.committedInstType::No_OpClass,0.0,0.0,0.0
system.cpu.commitStats0.committedInstType::IntAlu,122150.0,68.64,68.64
system.cpu.commitStats0.committedInstType::IntMult,1.0,0.0,68.65
system.cpu.commitStats0.committedInstType::IntDiv,0.0,0.0,68.65
system.cpu.commitStats0.committedInstType::ByteMult,0.0,0.0,68.65
system.cpu.commitStats0.committedInstType::ByteDiv,0.0,0.0,68.65
system.cpu.commitStats0.committedInstType::FloatAdd,0.0,0.0,68.65
system.cpu.commitStats0.committedInstType::FloatCmp,0.0,0.0,68.65
system.cpu.commitStats0.committedInstType::FloatCvt,0.0,0.0,68.65
system.cpu.commitStats0.committedInstType::FloatMult,0.0,0.0,68.65
system.cpu.commitStats0.committedInstType::FloatMultAcc,0.0,0.0,68.65
system.cpu.commitStats0.committedInstType::FloatDiv,0.0,0.0,68.65
system.cpu.commitStats0.committedInstType::FloatMisc,0.0,0.0,68.65
system.cpu.commitStats0.committedInstType::FloatSqrt,0.0,0.0,68.65
system.cpu.commitStats0.committedInstType::SimdAdd,0.0,0.0,68.65
system.cpu.commitStats0.committedInstType::SimdAddAcc,0.0,0.0,68.65
system.cpu.commitStats0.committedInstType::SimdAlu,0.0,0.0,68.65
system.cpu.commitStats0.committedInstType::SimdCmp,0.0,0.0,68.65
system.cpu.commitStats0.committedInstType::SimdCvt,0.0,0.0,68.65
system.cpu.commitStats0.committedInstType::SimdMisc,0.0,0.0,68.65
system.cpu.commitStats0.committedInstType::SimdMult,0.0,0.0,68.65
system.cpu.commitStats0.committedInstType::SimdMultAcc,0.0,0.0,68.65
system.cpu.commitStats0.committedInstType::SimdMatMultAcc,0.0,0.0,68.65
system.cpu.commitStats0.committedInstType::SimdShift,0.0,0.0,68.65
system.cpu.commitStats0.committedInstType::SimdShiftAcc,0.0,0.0,68.65
system.cpu.commitStats0.committedInstType::SimdDiv,0.0,0.0,68.65
system.cpu.commitStats0.committedInstType::SimdSqrt,0.0,0.0,68.65
system.cpu.commitStats0.committedInstType::SimdFloatAdd,0.0,0.0,68.65
system.cpu.commitStats0.committedInstType::SimdFloatAlu,0.0,0.0,68.65
system.cpu.commitStats0.committedInstType::SimdFloatCmp,0.0,0.0,68.65
system.cpu.commitStats0.committedInstType::SimdFloatCvt,0.0,0.0,68.65
system.cpu.commitStats0.committedInstType::SimdFloatDiv,0.0,0.0,68.65
system.cpu.commitStats0.committedInstType::SimdFloatMisc,0.0,0.0,68.65
system.cpu.commitStats0.committedInstType::SimdFloatMult,0.0,0.0,68.65
system.cpu.commitStats0.committedInstType::SimdFloatMultAcc,0.0,0.0,68.65
system.cpu.commitStats0.committedInstType::SimdFloatMatMultAcc,0.0,0.0,68.65
system.cpu.commitStats0.committedInstType::SimdFloatSqrt,0.0,0.0,68.65
system.cpu.commitStats0.committedInstType::SimdReduceAdd,0.0,0.0,68.65
system.cpu.commitStats0.committedInstType::SimdReduceAlu,0.0,0.0,68.65
system.cpu.commitStats0.committedInstType::SimdReduceCmp,0.0,0.0,68.65
system.cpu.commitStats0.committedInstType::SimdFloatReduceAdd,0.0,0.0,68.65
system.cpu.commitStats0.committedInstType::SimdFloatReduceCmp,0.0,0.0,68.65
system.cpu.commitStats0.committedInstType::SimdAes,0.0,0.0,68.65
system.cpu.commitStats0.committedInstType::SimdAesMix,0.0,0.0,68.65
system.cpu.commitStats0.committedInstType::SimdSha1Hash,0.0,0.0,68.65
system.cpu.commitStats0.committedInstType::SimdSha1Hash2,0.0,0.0,68.65
system.cpu.commitStats0.committedInstType::SimdSha256Hash,0.0,0.0,68.65
system.cpu.commitStats0.committedInstType::SimdSha256Hash2,0.0,0.0,68.65
system.cpu.commitStats0.committedInstType::SimdShaSigma2,0.0,0.0,68.65
system.cpu.commitStats0.committedInstType::SimdShaSigma3,0.0,0.0,68.65
system.cpu.commitStats0.committedInstType::SimdPredAlu,0.0,0.0,68.65
system.cpu.commitStats0.committedInstType::Matrix,0.0,0.0,68.65
system.cpu.commitStats0.committedInstType::MatrixMov,0.0,0.0,68.65
system.cpu.commitStats0.committedInstType::MatrixOP,0.0,0.0,68.65
system.cpu.commitStats0.committedInstType::MemRead,37557.0,21.11,89.75
system.cpu.commitStats0.committedInstType::MemWrite,18237.0,10.25,100.0
system.cpu.commitStats0.committedInstType::FloatMemRead,0.0,0.0,100.0
system.cpu.commitStats0.committedInstType::FloatMemWrite,0.0,0.0,100.0
system.cpu.commitStats0.committedInstType::IprAccess,0.0,0.0,100.0
system.cpu.commitStats0.committedInstType::InstPrefetch,0.0,0.0,100.0
system.cpu.commitStats0.committedInstType::VectorUnitStrideLoad,0.0,0.0,100.0
system.cpu.commitStats0.committedInstType::VectorUnitStrideStore,0.0,0.0,100.0
system.cpu.commitStats0.committedInstType::VectorUnitStrideMaskLoad,0.0,0.0,100.0
system.cpu.commitStats0.committedInstType::VectorUnitStrideMaskStore,0.0,0.0,100.0
system.cpu.commitStats0.committedInstType::VectorStridedLoad,0.0,0.0,100.0
system.cpu.commitStats0.committedInstType::VectorStridedStore,0.0,0.0,100.0
system.cpu.commitStats0.committedInstType::VectorIndexedLoad,0.0,0.0,100.0
system.cpu.commitStats0.committedInstType::VectorIndexedStore,0.0,0.0,100.0
system.cpu.commitStats0.committedInstType::VectorUnitStrideFaultOnlyFirstLoad,0.0,0.0,100.0
system.cpu.commitStats0.committedInstType::VectorWholeRegisterLoad,0.0,0.0,100.0
system.cpu.commitStats0.committedInstType::VectorWholeRegisterStore,0.0,0.0,100.0
system.cpu.commitStats0.committedInstType::VectorIntegerArith,0.0,0.0,100.0
system.cpu.commitStats0.committedInstType::VectorFloatArith,0.0,0.0,100.0
system.cpu.commitStats0.committedInstType::VectorFloatConvert,0.0,0.0,100.0
system.cpu.commitStats0.committedInstType::VectorIntegerReduce,0.0,0.0,100.0
system.cpu.commitStats0.committedInstType::VectorFloatReduce,0.0,0.0,100.0
system.cpu.commitStats0.committedInstType::VectorMisc,0.0,0.0,100.0
system.cpu.commitStats0.committedInstType::VectorIntegerExtension,0.0,0.0,100.0
system.cpu.commitStats0.committedInstType::VectorConfig,0.0,0.0,100.0
system.cpu.commitStats0.committedInstType::total,177945.0,,
system.cpu.commitStats0.committedControl::IsControl,44400.0,,
system.cpu.commitStats0.committedControl::IsDirectControl,38133.0,,
system.cpu.commitStats0.committedControl::IsIndirectControl,6267.0,,
system.cpu.commitStats0.committedControl::IsCondControl,27725.0,,
system.cpu.commitStats0.committedControl::IsUncondControl,16675.0,,
system.cpu.commitStats0.committedControl::IsCall,6249.0,,
system.cpu.commitStats0.committedControl::IsReturn,6248.0,,
system.cpu.dcache.demandHits::cpu.data,40861.0,,
system.cpu.dcache.demandHits::total,40861.0,,
system.cpu.dcache.overallHits::cpu.data,40861.0,,
system.cpu.dcache.overallHits::total,40861.0,,
system.cpu.dcache.demandMisses::cpu.data,5331.0,,
system.cpu.dcache.demandMisses::total,5331.0,,
system.cpu.dcache.overallMisses::cpu.data,5331.0,,
system.cpu.dcache.overallMisses::total,5331.0,,
system.cpu.dcache.demandMissLatency::cpu.data,293003996.0,,
system.cpu.dcache.demandMissLatency::total,293003996.0,,
system.cpu.dcache.overallMissLatency::cpu.data,293003996.0,,
system.cpu.dcache.overallMissLatency::total,293003996.0,,
system.cpu.dcache.demandAccesses::cpu.data,46192.0,,
system.cpu.dcache.demandAccesses::total,46192.0,,
system.cpu.dcache.overallAccesses::cpu.data,46192.0,,
system.cpu.dcache.overallAccesses::total,46192.0,,
system.cpu.dcache.demandMissRate::cpu.data,0.11541,,
system.cpu.dcache.demandMissRate::total,0.11541,,
system.cpu.dcache.overallMissRate::cpu.data,0.11541,,
system.cpu.dcache.overallMissRate::total,0.11541,,
system.cpu.dcache.demandAvgMissLatency::cpu.data,54962.295254,,
system.cpu.dcache.demandAvgMissLatency::total,54962.295254,,
system.cpu.dcache.overallAvgMissLatency::cpu.data,54962.295254,,
system.cpu.dcache.overallAvgMissLatency::total,54962.295254,,
system.cpu.dcache.blockedCycles::no_mshrs,287669.0,,
system.cpu.dcache.blockedCycles::no_targets,0.0,,
system.cpu.dcache.blockedCauses::no_mshrs,5331.0,,
system.cpu.dcache.blockedCauses::no_targets,0.0,,
system.cpu.dcache.avgBlocked::no_mshrs,53.961546,,
system.cpu.dcache.avgBlocked::no_targets,nan,,
system.cpu.dcache.writebacks::writebacks,1183.0,,
system.cpu.dcache.writebacks::total,1183.0,,
system.cpu.dcache.demandMshrMisses::cpu.data,5331.0,,
system.cpu.dcache.demandMshrMisses::total,5331.0,,
system.cpu.dcache.overallMshrMisses::cpu.data,5331.0,,
system.cpu.dcache.overallMshrMisses::total,5331.0,,
system.cpu.dcache.demandMshrMissLatency::cpu.data,287672996.0,,
system.cpu.dcache.demandMshrMissLatency::total,287672996.0,,
system.cpu.dcache.overallMshrMissLatency::cpu.data,287672996.0,,
system.cpu.dcache.overallMshrMissLatency::total,287672996.0,,
system.cpu.dcache.demandMshrMissRate::cpu.data,0.11541,,
system.cpu.dcache.demandMshrMissRate::total,0.11541,,
system.cpu.dcache.overallMshrMissRate::cpu.data,0.11541,,
system.cpu.dcache.overallMshrMissRate::total,0.11541,,
system.cpu.dcache.demandAvgMshrMissLatency::cpu.data,53962.295254,,
system.cpu.dcache.demandAvgMshrMissLatency::total,53962.295254,,
system.cpu.dcache.overallAvgMshrMissLatency::cpu.data,53962.295254,,
system.cpu.dcache.overallAvgMshrMissLatency::total,53962.295254,,
system.cpu.dcache.replacements,4819.0,,
system.cpu.dcache.ReadReq.hits::cpu.data,23826.0,,
system.cpu.dcache.ReadReq.hits::total,23826.0,,
system.cpu.dcache.ReadReq.misses::cpu.data,4129.0,,
system.cpu.dcache.ReadReq.misses::total,4129.0,,
system.cpu.dcache.ReadReq.missLatency::cpu.data,222475000.0,,
system.cpu.dcache.ReadReq.missLatency::total,222475000.0,,
system.cpu.dcache.ReadReq.accesses::cpu.data,27955.0,,
system.cpu.dcache.ReadReq.accesses::total,27955.0,,
system.cpu.dcache.ReadReq.missRate::cpu.data,0.147702,,
system.cpu.dcache.ReadReq.missRate::total,0.147702,,
system.cpu.dcache.ReadReq.avgMissLatency::cpu.data,53881.085008,,
system.cpu.dcache.ReadReq.avgMissLatency::total,53881.085008,,
system.cpu.dcache.ReadReq.mshrMisses::cpu.data,4129.0,,
system.cpu.dcache.ReadReq.mshrMisses::total,4129.0,,
system.cpu.dcache.ReadReq.mshrMissLatency::cpu.data,218346000.0,,
system.cpu.dcache.ReadReq.mshrMissLatency::total,218346000.0,,
system.cpu.dcache.ReadReq.mshrMissRate::cpu.data,0.147702,,
system.cpu.dcache.ReadReq.mshrMissRate::total,0.147702,,
system.cpu.dcache.ReadReq.avgMshrMissLatency::cpu.data,52881.085008,,
system.cpu.dcache.ReadReq.avgMshrMissLatency::total,52881.085008,,
system.cpu.dcache.WriteReq.hits::cpu.data,17035.0,,
system.cpu.dcache.WriteReq.hits::total,17035.0,,
system.cpu.dcache.WriteReq.misses::cpu.data,1202.0,,
system.cpu.dcache.WriteReq.misses::total,1202.0,,
system.cpu.dcache.WriteReq.missLatency::cpu.data,70528996.0,,
system.cpu.dcache.WriteReq.missLatency::total,70528996.0,,
system.cpu.dcache.WriteReq.accesses::cpu.data,18237.0,,
system.cpu.dcache.WriteReq.accesses::total,18237.0,,
system.cpu.dcache.WriteReq.missRate::cpu.data,0.06591,,
system.cpu.dcache.WriteReq.missRate::total,0.06591,,
system.cpu.dcache.WriteReq.avgMissLatency::cpu.data,58676.369384,,
system.cpu.dcache.WriteReq.avgMissLatency::total,58676.369384,,
system.cpu.dcache.WriteReq.mshrMisses::cpu.data,1202.0,,
system.cpu.dcache.WriteReq.mshrMisses::total,1202.0,,
system.cpu.dcache.WriteReq.mshrMissLatency::cpu.data,69326996.0,,
system.cpu.dcache.WriteReq.mshrMissLatency::total,69326996.0,,
system.cpu.dcache.WriteReq.mshrMissRate::cpu.data,0.06591,,
system.cpu.dcache.WriteReq.mshrMissRate::total,0.06591,,
system.cpu.dcache.WriteReq.avgMshrMissLatency::cpu.data,57676.369384,,
system.cpu.dcache.WriteReq.avgMshrMissLatency::total,57676.369384,,
system.cpu.dcache.power_state.pwrStateResidencyTicks::UNDEFINED,347353000.0,,
system.cpu.dcache.solomon.numScrubPasses,0.0,,
system.cpu.dcache.solomon.numScrubBlocksChecked,0.0,,
system.cpu.dcache.solomon.numScrubClean,0.0,,
system.cpu.dcache.solomon.numScrubAttemptedCorrections,0.0,,
system.cpu.dcache.solomon.numScrubCorrected,0.0,,
system.cpu.dcache.solomon.numScrubUnrecoverable,0.0,,
system.cpu.dcache.solomon.totalScrubCycles,0.0,,
system.cpu.dcache.solomon.numAccessAttemptedCorrections,0.0,,
system.cpu.dcache.solomon.numAccessCorrected,0.0,,
system.cpu.dcache.solomon.numAccessUnrecoverable,0.0,,
system.cpu.dcache.solomon.numUnrecoverableDirty,0.0,,
system.cpu.dcache.solomon.totalSuccessfulCorrections,0.0,,
system.cpu.dcache.tags.tagsInUse,487.883741,,
system.cpu.dcache.tags.totalRefs,46192.0,,
system.cpu.dcache.tags.sampledRefs,5331.0,,
system.cpu.dcache.tags.avgRefs,8.664791,,
system.cpu.dcache.tags.warmupTick,334000.0,,
system.cpu.dcache.tags.occupancies::cpu.data,487.883741,,
system.cpu.dcache.tags.avgOccs::cpu.data,0.952898,,
system.cpu.dcache.tags.avgOccs::total,0.952898,,
system.cpu.dcache.tags.occupanciesTaskId::1024,512.0,,
system.cpu.dcache.tags.ageTaskId_1024::0,118.0,,
system.cpu.dcache.tags.ageTaskId_1024::1,394.0,,
system.cpu.dcache.tags.ratioOccsTaskId::1024,1.0,,
system.cpu.dcache.tags.tagAccesses,374867.0,,
system.cpu.dcache.tags.dataAccesses,374867.0,,
system.cpu.dcache.tags.power_state.pwrStateResidencyTicks::UNDEFINED,347353000.0,,
system.cpu.decode.idleCycles,5384.0,,
system.cpu.decode.blockedCycles,305157.0,,
system.cpu.decode.runCycles,26934.0,,
system.cpu.decode.unblockCycles,6636.0,,
system.cpu.decode.squashCycles,258.0,,
system.cpu.decode.branchResolved,32494.0,,
system.cpu.decode.branchMispred,125.0,,
system.cpu.decode.decodedInsts,186925.0,,
system.cpu.decode.squashedInsts,489.0,,
system.cpu.executeStats0.numInsts,199304.0,,
system.cpu.executeStats0.numNop,0.0,,
system.cpu.executeStats0.numBranches,45368.0,,
system.cpu.executeStats0.numLoadInsts,55494.0,,
system.cpu.executeStats0.numStoreInsts,18709.0,,
system.cpu.executeStats0.instRate,0.573778,,
system.cpu.executeStats0.numFpRegWrites,0.0,,
system.cpu.executeStats0.numIntRegReads,220102.0,,
system.cpu.executeStats0.numIntRegWrites,124317.0,,
system.cpu.executeStats0.numMemRefs,74203.0,,
system.cpu.executeStats0.numMiscRegReads,26.0,,
system.cpu.executeStats0.numVecAluAccesses,0.0,,
system.cpu.executeStats0.numDiscardedOps,0.0,,
system.cpu.fetch.predictedBranches,39692.0,,
system.cpu.fetch.cycles,341167.0,,
system.cpu.fetch.squashCycles,758.0,,
system.cpu.fetch.cacheLines,29002.0,,
system.cpu.fetch.icacheSquashes,104.0,,
system.cpu.fetch.nisnDist::samples,344369.0,,
system.cpu.fetch.nisnDist::mean,0.554681,,
system.cpu.fetch.nisnDist::stdev,1.627088,,
system.cpu.fetch.nisnDist::underflows,0.0,0.0,0.0
system.cpu.fetch.nisnDist::0,296733.0,86.17,86.17
system.cpu.fetch.nisnDist::1,9277.0,2.69,88.86
system.cpu.fetch.nisnDist::2,4460.0,1.3,90.16
system.cpu.fetch.nisnDist::3,4876.0,1.42,91.57
system.cpu.fetch.nisnDist::4,15041.0,4.37,95.94
system.cpu.fetch.nisnDist::5,2361.0,0.69,96.63
system.cpu.fetch.nisnDist::6,2208.0,0.64,97.27
system.cpu.fetch.nisnDist::7,2331.0,0.68,97.94
system.cpu.fetch.nisnDist::8,7082.0,2.06,100.0
system.cpu.fetch.nisnDist::overflows,0.0,0.0,100.0
system.cpu.fetch.nisnDist::min_value,0.0,,
system.cpu.fetch.nisnDist::max_value,8.0,,
system.cpu.fetch.nisnDist::total,344369.0,,
system.cpu.fetchStats0.numInsts,191015.0,,
system.cpu.fetchStats0.numOps,0.0,,
system.cpu.fetchStats0.fetchRate,0.549914,,
system.cpu.fetchStats0.numBranches,47573.0,,
system.cpu.fetchStats0.branchRate,0.136958,,
system.cpu.fetchStats0.icacheStallCycles,2823.0,,
system.cpu.fetchStats0.numFetchSuspends,0.0,,
system.cpu.icache.demandHits::cpu.inst,28804.0,,
system.cpu.icache.demandHits::total,28804.0,,
system.cpu.icache.overallHits::cpu.inst,28804.0,,
system.cpu.icache.overallHits::total,28804.0,,
system.cpu.icache.demandMisses::cpu.inst,198.0,,
system.cpu.icache.demandMisses::total,198.0,,
system.cpu.icache.overallMisses::cpu.inst,198.0,,
system.cpu.icache.overallMisses::total,198.0,,
system.cpu.icache.demandMissLatency::cpu.inst,9963000.0,,
system.cpu.icache.demandMissLatency::total,9963000.0,,
system.cpu.icache.overallMissLatency::cpu.inst,9963000.0,,
system.cpu.icache.overallMissLatency::total,9963000.0,,
system.cpu.icache.demandAccesses::cpu.inst,29002.0,,
system.cpu.icache.demandAccesses::total,29002.0,,
system.cpu.icache.overallAccesses::cpu.inst,29002.0,,
system.cpu.icache.overallAccesses::total,29002.0,,
system.cpu.icache.demandMissRate::cpu.inst,0.006827,,
system.cpu.icache.demandMissRate::total,0.006827,,
system.cpu.icache.overallMissRate::cpu.inst,0.006827,,
system.cpu.icache.overallMissRate::total,0.006827,,
system.cpu.icache.demandAvgMissLatency::cpu.inst,50318.181818,,
system.cpu.icache.demandAvgMissLatency::total,50318.181818,,
system.cpu.icache.overallAvgMissLatency::cpu.inst,50318.181818,,
system.cpu.icache.overallAvgMissLatency::total,50318.181818,,
system.cpu.icache.blockedCycles::no_mshrs,0.0,,
system.cpu.icache.blockedCycles::no_targets,0.0,,
system.cpu.icache.blockedCauses::no_mshrs,0.0,,
system.cpu.icache.blockedCauses::no_targets,0.0,,
system.cpu.icache.avgBlocked::no_mshrs,nan,,
system.cpu.icache.avgBlocked::no_targets,nan,,
system.cpu.icache.demandMshrHits::cpu.inst,48.0,,
system.cpu.icache.demandMshrHits::total,48.0,,
system.cpu.icache.overallMshrHits::cpu.inst,48.0,,
system.cpu.icache.overallMshrHits::total,48.0,,
system.cpu.icache.demandMshrMisses::cpu.inst,150.0,,
system.cpu.icache.demandMshrMisses::total,150.0,,
system.cpu.icache.overallMshrMisses::cpu.inst,150.0,,
system.cpu.icache.overallMshrMisses::total,150.0,,
system.cpu.icache.demandMshrMissLatency::cpu.inst,8126000.0,,
system.cpu.icache.demandMshrMissLatency::total,8126000.0,,
system.cpu.icache.overallMshrMissLatency::cpu.inst,8126000.0,,
system.cpu.icache.overallMshrMissLatency::total,8126000.0,,
system.cpu.icache.demandMshrMissRate::cpu.inst,0.005172,,
system.cpu.icache.demandMshrMissRate::total,0.005172,,
system.cpu.icache.overallMshrMissRate::cpu.inst,0.005172,,
system.cpu.icache.overallMshrMissRate::total,0.005172,,
system.cpu.icache.demandAvgMshrMissLatency::cpu.inst,54173.333333,,
system.cpu.icache.demandAvgMshrMissLatency::total,54173.333333,,
system.cpu.icache.overallAvgMshrMissLatency::cpu.inst,54173.333333,,
system.cpu.icache.overallAvgMshrMissLatency::total,54173.333333,,
system.cpu.icache.replacements,0.0,,
system.cpu.icache.ReadReq.hits::cpu.inst,28804.0,,
system.cpu.icache.ReadReq.hits::total,28804.0,,
system.cpu.icache.ReadReq.misses::cpu.inst,198.0,,
system.cpu.icache.ReadReq.misses::total,198.0,,
system.cpu.icache.ReadReq.missLatency::cpu.inst,9963000.0,,
system.cpu.icache.ReadReq.missLatency::total,9963000.0,,
system.cpu.icache.ReadReq.accesses::cpu.inst,29002.0,,
system.cpu.icache.ReadReq.accesses::total,29002.0,,
system.cpu.icache.ReadReq.missRate::cpu.inst,0.006827,,
system.cpu.icache.ReadReq.missRate::total,0.006827,,
system.cpu.icache.ReadReq.avgMissLatency::cpu.inst,50318.181818,,
system.cpu.icache.ReadReq.avgMissLatency::total,50318.181818,,
system.cpu.icache.ReadReq.mshrHits::cpu.inst,48.0,,
system.cpu.icache.ReadReq.mshrHits::total,48.0,,
system.cpu.icache.ReadReq.mshrMisses::cpu.inst,150.0,,
system.cpu.icache.ReadReq.mshrMisses::total,150.0,,
system.cpu.icache.ReadReq.mshrMissLatency::cpu.inst,8126000.0,,
system.cpu.icache.ReadReq.mshrMissLatency::total,8126000.0,,
system.cpu.icache.ReadReq.mshrMissRate::cpu.inst,0.005172,,
system.cpu.icache.ReadReq.mshrMissRate::total,0.005172,,
system.cpu.icache.ReadReq.avgMshrMissLatency::cpu.inst,54173.333333,,
system.cpu.icache.ReadReq.avgMshrMissLatency::total,54173.333333,,
system.cpu.icache.power_state.pwrStateResidencyTicks::UNDEFINED,347353000.0,,
system.cpu.icache.tags.tagsInUse,46.882417,,
system.cpu.icache.tags.totalRefs,28954.0,,
system.cpu.icache.tags.sampledRefs,150.0,,
system.cpu.icache.tags.avgRefs,193.026667,,
system.cpu.icache.tags.warmupTick,77000.0,,
system.cpu.icache.tags.occupancies::cpu.inst,46.882417,,
system.cpu.icache.tags.avgOccs::cpu.inst,0.091567,,
system.cpu.icache.tags.avgOccs::total,0.091567,,
system.cpu.icache.tags.occupanciesTaskId::1024,150.0,,
system.cpu.icache.tags.ageTaskId_1024::0,102.0,,
system.cpu.icache.tags.ageTaskId_1024::2,48.0,,
system.cpu.icache.tags.ratioOccsTaskId::1024,0.292969,,
system.cpu.icache.tags.tagAccesses,232166.0,,
system.cpu.icache.tags.dataAccesses,232166.0,,
system.cpu.icache.tags.power_state.pwrStateResidencyTicks::UNDEFINED,347353000.0,,
system.cpu.iew.idleCycles,0.0,,
system.cpu.iew.squashCycles,258.0,,
system.cpu.iew.blockCycles,201252.0,,
system.cpu.iew.unblockCycles,16519.0,,
system.cpu.iew.dispatchedInsts,184803.0,,
system.cpu.iew.dispSquashedInsts,49.0,,
system.cpu.iew.dispLoadInsts,38863.0,,
system.cpu.iew.dispStoreInsts,19171.0,,
system.cpu.iew.dispNonSpecInsts,41.0,,
system.cpu.iew.iqFullEvents,31.0,,
system.cpu.iew.lsqFullEvents,12392.0,,
system.cpu.iew.memOrderViolationEvents,14.0,,
system.cpu.iew.predictedTakenIncorrect,61.0,,
system.cpu.iew.predictedNotTakenIncorrect,177.0,,
system.cpu.iew.branchMispredicts,238.0,,
system.cpu.iew.instsToCommit,181935.0,,
system.cpu.iew.writebackCount,181732.0,,
system.cpu.iew.producerInst,106038.0,,
system.cpu.iew.consumerInst,153906.0,,
system.cpu.iew.wbRate,0.52319,,
system.cpu.iew.wbFanout,0.688979,,
system.cpu.lsq0.forwLoads,10233.0,,
system.cpu.lsq0.squashedLoads,1306.0,,
system.cpu.lsq0.ignoredResponses,4.0,,
system.cpu.lsq0.memOrderViolation,14.0,,
system.cpu.lsq0.squashedStores,934.0,,
system.cpu.lsq0.rescheduledLoads,1.0,,
system.cpu.lsq0.blockedByCache,5330.0,,
system.cpu.lsq0.loadToUse::samples,37557.0,,
system.cpu.lsq0.loadToUse::mean,32.256863,,
system.cpu.lsq0.loadToUse::stdev,44.258073,,
system.cpu.lsq0.loadToUse::0-9,21616.0,57.56,57.56
system.cpu.lsq0.loadToUse::20-29,230.0,0.61,58.17
system.cpu.lsq0.loadToUse::30-39,114.0,0.3,58.47
system.cpu.lsq0.loadToUse::40-49,1890.0,5.03,63.5
system.cpu.lsq0.loadToUse::50-59,7816.0,20.81,84.31
system.cpu.lsq0.loadToUse::60-69,420.0,1.12,85.43
system.cpu.lsq0.loadToUse::70-79,247.0,0.66,86.09
system.cpu.lsq0.loadToUse::80-89,1680.0,4.47,90.56
system.cpu.lsq0.loadToUse::90-99,913.0,2.43,92.99
system.cpu.lsq0.loadToUse::100-109,1583.0,4.21,97.21
system.cpu.lsq0.loadToUse::110-119,218.0,0.58,97.79
system.cpu.lsq0.loadToUse::120-129,40.0,0.11,97.9
system.cpu.lsq0.loadToUse::130-139,13.0,0.03,97.93
system.cpu.lsq0.loadToUse::140-149,33.0,0.09,98.02
system.cpu.lsq0.loadToUse::150-159,88.0,0.23,98.25
system.cpu.lsq0.loadToUse::160-169,56.0,0.15,98.4
system.cpu.lsq0.loadToUse::170-179,33.0,0.09,98.49
system.cpu.lsq0.loadToUse::180-189,41.0,0.11,98.6
system.cpu.lsq0.loadToUse::190-199,125.0,0.33,98.93
system.cpu.lsq0.loadToUse::200-209,70.0,0.19,99.12
system.cpu.lsq0.loadToUse::210-219,66.0,0.18,99.29
system.cpu.lsq0.loadToUse::220-229,11.0,0.03,99.32
system.cpu.lsq0.loadToUse::230-239,28.0,0.07,99.4
system.cpu.lsq0.loadToUse::240-249,20.0,0.05,99.45
system.cpu.lsq0.loadToUse::250-259,31.0,0.08,99.53
system.cpu.lsq0.loadToUse::260-269,4.0,0.01,99.54
system.cpu.lsq0.loadToUse::280-289,21.0,0.06,99.6
system.cpu.lsq0.loadToUse::290-299,28.0,0.07,99.68
system.cpu.lsq0.loadToUse::overflows,122.0,0.32,100.0
system.cpu.lsq0.loadToUse::min_value,2.0,,
system.cpu.lsq0.loadToUse::max_value,447.0,,
system.cpu.lsq0.loadToUse::total,37557.0,,
system.cpu.mmu.dtb.readHits,0.0,,
system.cpu.mmu.dtb.readMisses,0.0,,
system.cpu.mmu.dtb.readAccesses,0.0,,
system.cpu.mmu.dtb.writeHits,0.0,,
system.cpu.mmu.dtb.writeMisses,0.0,,
system.cpu.mmu.dtb.writeAccesses,0.0,,
system.cpu.mmu.dtb.hits,0.0,,
system.cpu.mmu.dtb.misses,0.0,,
system.cpu.mmu.dtb.accesses,0.0,,
system.cpu.mmu.dtb.walker.power_state.pwrStateResidencyTicks::UNDEFINED,347353000.0,,
system.cpu.mmu.itb.readHits,0.0,,
system.cpu.mmu.itb.readMisses,0.0,,
system.cpu.mmu.itb.readAccesses,0.0,,
system.cpu.mmu.itb.writeHits,0.0,,
system.cpu.mmu.itb.writeMisses,0.0,,
system.cpu.mmu.itb.writeAccesses,0.0,,
system.cpu.mmu.itb.hits,0.0,,
system.cpu.mmu.itb.misses,0.0,,
system.cpu.mmu.itb.accesses,0.0,,
system.cpu.mmu.itb.walker.power_state.pwrStateResidencyTicks::UNDEFINED,347353000.0,,
system.cpu.power_state.pwrStateResidencyTicks::ON,347353000.0,,
system.cpu.rename.squashCycles,258.0,,
system.cpu.rename.idleCycles,8491.0,,
system.cpu.rename.blockCycles,247777.0,,
system.cpu.rename.serializeStallCycles,1740.0,,
system.cpu.rename.runCycles,29939.0,,
system.cpu.rename.unblockCycles,56164.0,,
system.cpu.rename.renamedInsts,185739.0,,
system.cpu.rename.ROBFullEvents,1019.0,,
system.cpu.rename.IQFullEvents,26215.0,,
system.cpu.rename.LQFullEvents,27325.0,,
system.cpu.rename.SQFullEvents,22914.0,,
system.cpu.rename.renamedOperands,126937.0,,
system.cpu.rename.lookups,218124.0,,
system.cpu.rename.intLookups,207262.0,,
system.cpu.rename.committedMaps,121572.0,,
system.cpu.rename.undoneMaps,5365.0,,
system.cpu.rename.serializing,43.0,,
system.cpu.rename.tempSerializing,43.0,,
system.cpu.rename.skidInsts,40583.0,,
system.cpu.rob.reads,509909.0,,
system.cpu.rob.writes,368759.0,,
system.cpu.thread_0.numInsts,177945.0,,
system.cpu.thread_0.numOps,177945.0,,
system.cpu.thread_0.numMemRefs,0.0,,
system.cpu.workload.numSyscalls,26.0,,
system.mem_ctrl.avgPriority_writebacks::samples,1183.0,,
system.mem_ctrl.avgPriority_cpu.inst::samples,150.0,,
system.mem_ctrl.avgPriority_cpu.data::samples,5220.0,,
system.mem_ctrl.priorityMinLatency,1.875e-08,,
system.mem_ctrl.priorityMaxLatency,1.12365e-05,,
system.mem_ctrl.numReadWriteTurnArounds,72.0,,
system.mem_ctrl.numWriteReadTurnArounds,72.0,,
system.mem_ctrl.numStayReadState,11938.0,,
system.mem_ctrl.numStayWriteState,1081.0,,
system.mem_ctrl.readReqs,5481.0,,
system.mem_ctrl.writeReqs,1183.0,,
system.mem_ctrl.readBursts,5481.0,,
system.mem_ctrl.writeBursts,1183.0,,
system.mem_ctrl.servicedByWrQ,111.0,,
system.mem_ctrl.mergedWrBursts,0.0,,
system.mem_ctrl.neitherReadNorWriteReqs,0.0,,
system.mem_ctrl.avgRdQLen,1.01,,
system.mem_ctrl.avgWrQLen,26.86,,
system.mem_ctrl.numRdRetry,0.0,,
system.mem_ctrl.numWrRetry,0.0,,
system.mem_ctrl.readPktSize::0,0.0,,
system.mem_ctrl.readPktSize::1,0.0,,
system.mem_ctrl.readPktSize::2,0.0,,
system.mem_ctrl.readPktSize::3,0.0,,
system.mem_ctrl.readPktSize::4,0.0,,
system.mem_ctrl.readPktSize::5,0.0,,
system.mem_ctrl.readPktSize::6,5481.0,,
system.mem_ctrl.writePktSize::0,0.0,,
system.mem_ctrl.writePktSize::1,0.0,,
system.mem_ctrl.writePktSize::2,0.0,,
system.mem_ctrl.writePktSize::3,0.0,,
system.mem_ctrl.writePktSize::4,0.0,,
system.mem_ctrl.writePktSize::5,0.0,,
system.mem_ctrl.writePktSize::6,1183.0,,
system.mem_ctrl.rdQLenPdf::0,5298.0,,
system.mem_ctrl.rdQLenPdf::1,64.0,,
system.mem_ctrl.rdQLenPdf::2,8.0,,
system.mem_ctrl.rdQLenPdf::3,0.0,,
system.mem_ctrl.rdQLenPdf::4,0.0,,
system.mem_ctrl.rdQLenPdf::5,0.0,,
system.mem_ctrl.rdQLenPdf::6,0.0,,
system.mem_ctrl.rdQLenPdf::7,0.0,,
system.mem_ctrl.rdQLenPdf::8,0.0,,
system.mem_ctrl.rdQLenPdf::9,0.0,,
system.mem_ctrl.rdQLenPdf::10,0.0,,
system.mem_ctrl.rdQLenPdf::11,0.0,,
system.mem_ctrl.rdQLenPdf::12,0.0,,
system.mem_ctrl.rdQLenPdf::13,0.0,,
system.mem_ctrl.rdQLenPdf::14,0.0,,
system.mem_ctrl.rdQLenPdf::15,0.0,,
system.mem_ctrl.rdQLenPdf::16,0.0,,
system.mem_ctrl.rdQLenPdf::17,0.0,,
system.mem_ctrl.rdQLenPdf::18,0.0,,
system.mem_ctrl.rdQLenPdf::19,0.0,,
system.mem_ctrl.rdQLenPdf::20,0.0,,
system.mem_ctrl.rdQLenPdf::21,0.0,,
system.mem_ctrl.rdQLenPdf::22,0.0,,
system.mem_ctrl.rdQLenPdf::23,0.0,,
system.mem_ctrl.rdQLenPdf::24,0.0,,
system.mem_ctrl.rdQLenPdf::25,0.0,,
system.mem_ctrl.rdQLenPdf::26,0.0,,
system.mem_ctrl.rdQLenPdf::27,0.0,,
system.mem_ctrl.rdQLenPdf::28,0.0,,
system.mem_ctrl.rdQLenPdf::29,0.0,,
system.mem_ctrl.rdQLenPdf::30,0.0,,
system.mem_ctrl.rdQLenPdf::31,0.0,,
system.mem_ctrl.wrQLenPdf::0,1.0,,
system.mem_ctrl.wrQLenPdf::1,1.0,,
system.mem_ctrl.wrQLenPdf::2,1.0,,
system.mem_ctrl.wrQLenPdf::3,1.0,,
system.mem_ctrl.wrQLenPdf::4,1.0,,
system.mem_ctrl.wrQLenPdf::5,1.0,,
system.mem_ctrl.wrQLenPdf::6,1.0,,
system.mem_ctrl.wrQLenPdf::7,1.0,,
system.mem_ctrl.wrQLenPdf::8,1.0,,
system.mem_ctrl.wrQLenPdf::9,1.0,,
system.mem_ctrl.wrQLenPdf::10,1.0,,
system.mem_ctrl.wrQLenPdf::11,1.0,,
system.mem_ctrl.wrQLenPdf::12,1.0,,
system.mem_ctrl.wrQLenPdf::13,1.0,,
system.mem_ctrl.wrQLenPdf::14,1.0,,
system.mem_ctrl.wrQLenPdf::15,1.0,,
system.mem_ctrl.wrQLenPdf::16,1.0,,
system.mem_ctrl.wrQLenPdf::17,73.0,,
system.mem_ctrl.wrQLenPdf::18,73.0,,
system.mem_ctrl.wrQLenPdf::19,73.0,,
system.mem_ctrl.wrQLenPdf::20,73.0,,
system.mem_ctrl.wrQLenPdf::21,73.0,,
system.mem_ctrl.wrQLenPdf::22,73.0,,
system.mem_ctrl.wrQLenPdf::23,73.0,,
system.mem_ctrl.wrQLenPdf::24,73.0,,
system.mem_ctrl.wrQLenPdf::25,73.0,,
system.mem_ctrl.wrQLenPdf::26,73.0,,
system.mem_ctrl.wrQLenPdf::27,73.0,,
system.mem_ctrl.wrQLenPdf::28,73.0,,
system.mem_ctrl.wrQLenPdf::29,73.0,,
system.mem_ctrl.wrQLenPdf::30,73.0,,
system.mem_ctrl.wrQLenPdf::31,72.0,,
system.mem_ctrl.wrQLenPdf::32,72.0,,
system.mem_ctrl.wrQLenPdf::33,0.0,,
system.mem_ctrl.wrQLenPdf::34,0.0,,
system.mem_ctrl.wrQLenPdf::35,0.0,,
system.mem_ctrl.wrQLenPdf::36,0.0,,
system.mem_ctrl.wrQLenPdf::37,0.0,,
system.mem_ctrl.wrQLenPdf::38,0.0,,
system.mem_ctrl.wrQLenPdf::39,0.0,,
system.mem_ctrl.wrQLenPdf::40,0.0,,
system.mem_ctrl.wrQLenPdf::41,0.0,,
system.mem_ctrl.wrQLenPdf::42,0.0,,
system.mem_ctrl.wrQLenPdf::43,0.0,,
system.mem_ctrl.wrQLenPdf::44,0.0,,
system.mem_ctrl.wrQLenPdf::45,0.0,,
system.mem_ctrl.wrQLenPdf::46,0.0,,
system.mem_ctrl.wrQLenPdf::47,0.0,,
system.mem_ctrl.wrQLenPdf::48,0.0,,
system.mem_ctrl.wrQLenPdf::49,0.0,,
system.mem_ctrl.wrQLenPdf::50,0.0,,
system.mem_ctrl.wrQLenPdf::51,0.0,,
system.mem_ctrl.wrQLenPdf::52,0.0,,
system.mem_ctrl.wrQLenPdf::53,0.0,,
system.mem_ctrl.wrQLenPdf::54,0.0,,
system.mem_ctrl.wrQLenPdf::55,0.0,,
system.mem_ctrl.wrQLenPdf::56,0.0,,
system.mem_ctrl.wrQLenPdf::57,0.0,,
system.mem_ctrl.wrQLenPdf::58,0.0,,
system.mem_ctrl.wrQLenPdf::59,0.0,,
system.mem_ctrl.wrQLenPdf::60,0.0,,
system.mem_ctrl.wrQLenPdf::61,0.0,,
system.mem_ctrl.wrQLenPdf::62,0.0,,
system.mem_ctrl.wrQLenPdf::63,0.0,,
system.mem_ctrl.rdPerTurnAround::samples,72.0,,
system.mem_ctrl.rdPerTurnAround::mean,24.083333,,
system.mem_ctrl.rdPerTurnAround::gmean,16.985778,,
system.mem_ctrl.rdPerTurnAround::stdev,67.157739,,
system.mem_ctrl.rdPerTurnAround::0-31,71.0,98.61,98.61
system.mem_ctrl.rdPerTurnAround::576-607,1.0,1.39,100.0
system.mem_ctrl.rdPerTurnAround::total,72.0,,
system.mem_ctrl.wrPerTurnAround::samples,72.0,,
system.mem_ctrl.wrPerTurnAround::mean,16.0,,
system.mem_ctrl.wrPerTurnAround::gmean,16.0,,
system.mem_ctrl.wrPerTurnAround::16,72.0,100.0,100.0
system.mem_ctrl.wrPerTurnAround::total,72.0,,
system.mem_ctrl.bytesReadWrQ,7104.0,,
system.mem_ctrl.bytesReadSys,350784.0,,
system.mem_ctrl.bytesWrittenSys,75712.0,,
system.mem_ctrl.avgRdBWSys,1009877559.7159085,,
system.mem_ctrl.avgWrBWSys,217968464.35758436,,
system.mem_ctrl.totGap,347140000.0,,
system.mem_ctrl.avgGap,52091.84,,
system.mem_ctrl.requestorReadBytes::cpu.inst,9600.0,,
system.mem_ctrl.requestorReadBytes::cpu.data,334080.0,,
system.mem_ctrl.requestorWriteBytes::writebacks,73728.0,,
system.mem_ctrl.requestorReadRate::cpu.inst,27637590.577884745,,
system.mem_ctrl.requestorReadRate::cpu.data,961788152.1103891,,
system.mem_ctrl.requestorWriteRate::writebacks,212256695.63815483,,
system.mem_ctrl.requestorReadAccesses::cpu.inst,150.0,,
system.mem_ctrl.requestorReadAccesses::cpu.data,5331.0,,
system.mem_ctrl.requestorWriteAccesses::writebacks,1183.0,,
system.mem_ctrl.requestorReadTotalLat::cpu.inst,3428500.0,,
system.mem_ctrl.requestorReadTotalLat::cpu.data,120814000.0,,
system.mem_ctrl.requestorWriteTotalLat::writebacks,2102064750.0,,
system.mem_ctrl.requestorReadAvgLat::cpu.inst,22856.67,,
system.mem_ctrl.requestorReadAvgLat::cpu.data,22662.54,,
system.mem_ctrl.requestorWriteAvgLat::writebacks,1776893.28,,
system.mem_ctrl.dram.bytesRead::cpu.inst,9600.0,,
system.mem_ctrl.dram.bytesRead::cpu.data,341184.0,,
system.mem_ctrl.dram.bytesRead::total,350784.0,,
system.mem_ctrl.dram.bytesInstRead::cpu.inst,9600.0,,
system.mem_ctrl.dram.bytesInstRead::total,9600.0,,
system.mem_ctrl.dram.bytesWritten::writebacks,75712.0,,
system.mem_ctrl.dram.bytesWritten::total,75712.0,,
system.mem_ctrl.dram.numReads::cpu.inst,150.0,,
system.mem_ctrl.dram.numReads::cpu.data,5331.0,,
system.mem_ctrl.dram.numReads::total,5481.0,,
system.mem_ctrl.dram.numWrites::writebacks,1183.0,,
system.mem_ctrl.dram.numWrites::total,1183.0,,
system.mem_ctrl.dram.bwRead::cpu.inst,27637591.0,,
system.mem_ctrl.dram.bwRead::cpu.data,982239969.0,,
system.mem_ctrl.dram.bwRead::total,1009877560.0,,
system.mem_ctrl.dram.bwInstRead::cpu.inst,27637591.0,,
system.mem_ctrl.dram.bwInstRead::total,27637591.0,,
system.mem_ctrl.dram.bwWrite::writebacks,217968464.0,,
system.mem_ctrl.dram.bwWrite::total,217968464.0,,
system.mem_ctrl.dram.bwTotal::writebacks,217968464.0,,
system.mem_ctrl.dram.bwTotal::cpu.inst,27637591.0,,
system.mem_ctrl.dram.bwTotal::cpu.data,982239969.0,,
system.mem_ctrl.dram.bwTotal::total,1227846024.0,,
system.mem_ctrl.dram.readBursts,5370.0,,
system.mem_ctrl.dram.writeBursts,1152.0,,
system.mem_ctrl.dram.perBankRdBursts::0,85.0,,
system.mem_ctrl.dram.perBankRdBursts::1,48.0,,
system.mem_ctrl.dram.perBankRdBursts::2,2.0,,
system.mem_ctrl.dram.perBankRdBursts::3,14.0,,
system.mem_ctrl.dram.perBankRdBursts::4,4.0,,
system.mem_ctrl.dram.perBankRdBursts::5,56.0,,
system.mem_ctrl.dram.perBankRdBursts::6,123.0,,
system.mem_ctrl.dram.perBankRdBursts::7,340.0,,
system.mem_ctrl.dram.perBankRdBursts::8,640.0,,
system.mem_ctrl.dram.perBankRdBursts::9,640.0,,
system.mem_ctrl.dram.perBankRdBursts::10,640.0,,
system.mem_ctrl.dram.perBankRdBursts::11,640.0,,
system.mem_ctrl.dram.perBankRdBursts::12,640.0,,
system.mem_ctrl.dram.perBankRdBursts::13,640.0,,
system.mem_ctrl.dram.perBankRdBursts::14,640.0,,
system.mem_ctrl.dram.perBankRdBursts::15,218.0,,
system.mem_ctrl.dram.perBankWrBursts::0,0.0,,
system.mem_ctrl.dram.perBankWrBursts::1,0.0,,
system.mem_ctrl.dram.perBankWrBursts::2,0.0,,
system.mem_ctrl.dram.perBankWrBursts::3,0.0,,
system.mem_ctrl.dram.perBankWrBursts::4,0.0,,
system.mem_ctrl.dram.perBankWrBursts::5,42.0,,
system.mem_ctrl.dram.perBankWrBursts::6,111.0,,
system.mem_ctrl.dram.perBankWrBursts::7,65.0,,
system.mem_ctrl.dram.perBankWrBursts::8,128.0,,
system.mem_ctrl.dram.perBankWrBursts::9,128.0,,
system.mem_ctrl.dram.perBankWrBursts::10,128.0,,
system.mem_ctrl.dram.perBankWrBursts::11,128.0,,
system.mem_ctrl.dram.perBankWrBursts::12,128.0,,
system.mem_ctrl.dram.perBankWrBursts::13,128.0,,
system.mem_ctrl.dram.perBankWrBursts::14,128.0,,
system.mem_ctrl.dram.perBankWrBursts::15,38.0,,
system.mem_ctrl.dram.totQLat,23555000.0,,
system.mem_ctrl.dram.totBusLat,26850000.0,,
system.mem_ctrl.dram.totMemAccLat,124242500.0,,
system.mem_ctrl.dram.avgQLat,4386.41,,
system.mem_ctrl.dram.avgBusLat,5000.0,,
system.mem_ctrl.dram.avgMemAccLat,23136.41,,
system.mem_ctrl.dram.readRowHits,4970.0,,
system.mem_ctrl.dram.writeRowHits,1066.0,,
system.mem_ctrl.dram.readRowHitRate,92.55,,
system.mem_ctrl.dram.writeRowHitRate,92.53,,
system.mem_ctrl.dram.bytesPerActivate::samples,479.0,,
system.mem_ctrl.dram.bytesPerActivate::mean,866.872651,,
system.mem_ctrl.dram.bytesPerActivate::gmean,755.6364,,
system.mem_ctrl.dram.bytesPerActivate::stdev,295.972008,,
system.mem_ctrl.dram.bytesPerActivate::0-127,17.0,3.55,3.55
system.mem_ctrl.dram.bytesPerActivate::128-255,21.0,4.38,7.93
system.mem_ctrl.dram.bytesPerActivate::256-383,16.0,3.34,11.27
system.mem_ctrl.dram.bytesPerActivate::384-511,22.0,4.59,15.87
system.mem_ctrl.dram.bytesPerActivate::512-639,16.0,3.34,19.21
system.mem_ctrl.dram.bytesPerActivate::640-767,12.0,2.51,21.71
system.mem_ctrl.dram.bytesPerActivate::768-895,13.0,2.71,24.43
system.mem_ctrl.dram.bytesPerActivate::896-1023,14.0,2.92,27.35
system.mem_ctrl.dram.bytesPerActivate::1024-1151,348.0,72.65,100.0
system.mem_ctrl.dram.bytesPerActivate::total,479.0,,
system.mem_ctrl.dram.dramBytesRead,343680.0,,
system.mem_ctrl.dram.dramBytesWritten,73728.0,,
system.mem_ctrl.dram.avgRdBW,989.425743,,
system.mem_ctrl.dram.avgWrBW,212.256696,,
system.mem_ctrl.dram.peakBW,12800.0,,
system.mem_ctrl.dram.busUtil,9.39,,
system.mem_ctrl.dram.busUtilRead,7.73,,
system.mem_ctrl.dram.busUtilWrite,1.66,,
system.mem_ctrl.dram.pageHitRate,92.55,,
system.mem_ctrl.dram.power_state.pwrStateResidencyTicks::UNDEFINED,347353000.0,,
system.mem_ctrl.dram.rank0.actEnergy,585480.0,,
system.mem_ctrl.dram.rank0.preEnergy,288420.0,,
system.mem_ctrl.dram.rank0.readEnergy,4798080.0,,
system.mem_ctrl.dram.rank0.writeEnergy,1137960.0,,
system.mem_ctrl.dram.rank0.refreshEnergy,27044160.0,,
system.mem_ctrl.dram.rank0.actBackEnergy,37344690.0,,
system.mem_ctrl.dram.rank0.preBackEnergy,101935680.0,,
system.mem_ctrl.dram.rank0.actPowerDownEnergy,0.0,,
system.mem_ctrl.dram.rank0.prePowerDownEnergy,0.0,,
system.mem_ctrl.dram.rank0.selfRefreshEnergy,0.0,,
system.mem_ctrl.dram.rank0.totalEnergy,173134470.0,,
system.mem_ctrl.dram.rank0.averagePower,498.439541,,
system.mem_ctrl.dram.rank0.totalIdleTime,0.0,,
system.mem_ctrl.dram.rank0.pwrStateTime::IDLE,264519500.0,,
system.mem_ctrl.dram.rank0.pwrStateTime::REF,11440000.0,,
system.mem_ctrl.dram.rank0.pwrStateTime::SREF,0.0,,
system.mem_ctrl.dram.rank0.pwrStateTime::PRE_PDN,0.0,,
system.mem_ctrl.dram.rank0.pwrStateTime::ACT,71393500.0,,
system.mem_ctrl.dram.rank0.pwrStateTime::ACT_PDN,0.0,,
system.mem_ctrl.dram.rank1.actEnergy,2884560.0,,
system.mem_ctrl.dram.rank1.preEnergy,1529385.0,,
system.mem_ctrl.dram.rank1.readEnergy,33543720.0,,
system.mem_ctrl.dram.rank1.writeEnergy,4875480.0,,
system.mem_ctrl.dram.rank1.refreshEnergy,27044160.0,,
system.mem_ctrl.dram.rank1.actBackEnergy,146798940.0,,
system.mem_ctrl.dram.rank1.preBackEnergy,9763680.0,,
system.mem_ctrl.dram.rank1.actPowerDownEnergy,0.0,,
system.mem_ctrl.dram.rank1.prePowerDownEnergy,0.0,,
system.mem_ctrl.dram.rank1.selfRefreshEnergy,0.0,,
system.mem_ctrl.dram.rank1.totalEnergy,226439925.0,,
system.mem_ctrl.dram.rank1.averagePower,651.901452,,
system.mem_ctrl.dram.rank1.totalIdleTime,0.0,,
system.mem_ctrl.dram.rank1.pwrStateTime::IDLE,22507750.0,,
system.mem_ctrl.dram.rank1.pwrStateTime::REF,11440000.0,,
system.mem_ctrl.dram.rank1.pwrStateTime::SREF,0.0,,
system.mem_ctrl.dram.rank1.pwrStateTime::PRE_PDN,0.0,,
system.mem_ctrl.dram.rank1.pwrStateTime::ACT,313405250.0,,
system.mem_ctrl.dram.rank1.pwrStateTime::ACT_PDN,0.0,,
system.mem_ctrl.power_state.pwrStateResidencyTicks::UNDEFINED,347353000.0,,
system.membus.transDist::ReadResp,4279.0,,
system.membus.transDist::WritebackDirty,1183.0,,
system.membus.transDist::CleanEvict,3636.0,,
system.membus.transDist::ReadExReq,1202.0,,
system.membus.transDist::ReadExResp,1202.0,,
system.membus.transDist::ReadSharedReq,4279.0,,
system.membus.pktCount_system.cpu.icache.mem_side_port::system.mem_ctrl.port,300.0,,
system.membus.pktCount_system.cpu.dcache.mem_side_port::system.mem_ctrl.port,15481.0,,
system.membus.pktCount::total,15781.0,,
system.membus.pktSize_system.cpu.icache.mem_side_port::system.mem_ctrl.port,9600.0,,
system.membus.pktSize_system.cpu.dcache.mem_side_port::system.mem_ctrl.port,416896.0,,
system.membus.pktSize::total,426496.0,,
system.membus.snoops,0.0,,
system.membus.snoopTraffic,0.0,,
system.membus.snoopFanout::samples,5481.0,,
system.membus.snoopFanout::mean,0.000182,,
system.membus.snoopFanout::stdev,0.013507,,
system.membus.snoopFanout::underflows,0.0,0.0,0.0
system.membus.snoopFanout::0,5480.0,99.98,99.98
system.membus.snoopFanout::1,1.0,0.02,100.0
system.membus.snoopFanout::2,0.0,0.0,100.0
system.membus.snoopFanout::overflows,0.0,0.0,100.0
system.membus.snoopFanout::min_value,0.0,,
system.membus.snoopFanout::max_value,1.0,,
system.membus.snoopFanout::total,5481.0,,
system.membus.power_state.pwrStateResidencyTicks::UNDEFINED,347353000.0,,
system.membus.reqLayer0.occupancy,15032000.0,,
system.membus.reqLayer0.utilization,0.0,,
system.membus.respLayer0.occupancy,789000.0,,
system.membus.respLayer0.utilization,0.0,,
system.membus.respLayer1.occupancy,28052000.0,,
system.membus.respLayer1.utilization,0.1,,
system.membus.snoop_filter.totRequests,10300.0,,
system.membus.snoop_filter.hitSingleRequests,4819.0,,
system.membus.snoop_filter.hitMultiRequests,1.0,,
system.membus.snoop_filter.totSnoops,0.0,,
system.membus.snoop_filter.hitSingleSnoops,0.0,,
system.membus.snoop_filter.hitMultiSnoops,0.0,,
system.workload.inst.arm,0.0,,
system.workload.inst.quiesce,0.0,,
